База знаний: "Определение типа литературного произведения по признакам"

Вопросы:
1. Наличие стихотворного ритма?
2. Текст разделен на строки?
3. Длина произведения малая?
4. Наличие рифмы?
5. Наличие диалогов?
6. Наличие описания природы?
7. Наличие сюжета?

Стихотворение, 0.3, 1, 0.9, 0.1, 2, 0.95, 0.05, 3, 0.8, 0.2, 4, 0.9, 0.1, 5, 0.3, 0.7, 6, 0.6, 0.4, 7, 0.2, 0.8
Рассказ, 0.25, 1, 0.1, 0.9, 2, 0.2, 0.8, 3, 0.7, 0.3, 4, 0.1, 0.9, 5, 0.6, 0.4, 6, 0.4, 0.6, 7, 0.8, 0.2
Роман, 0.2, 1, 0.05, 0.95, 2, 0.1, 0.9, 3, 0.1, 0.9, 4, 0.05, 0.95, 5, 0.7, 0.3, 6, 0.5, 0.5, 7, 0.9, 0.1
Поэма, 0.15, 1, 0.8, 0.2, 2, 0.9, 0.1, 3, 0.5, 0.5, 4, 0.7, 0.3, 5, 0.4, 0.6, 6, 0.7, 0.3, 7, 0.6, 0.4
Пьеса, 0.1, 1, 0.2, 0.8, 2, 0.3, 0.7, 3, 0.4, 0.6, 4, 0.3, 0.7, 5, 0.9, 0.1, 6, 0.3, 0.7, 7, 0.7, 0.3